0000000000000000000000000000000000000000000000000000000000000000000000000000000000000000000000000000000000000000000000000000000000000000000000000000000000000000000000000000000000000000000000000000000000000000000000000000000000000000000000000000000000000000
0000000000000000000000000000000000000000000000000000000000000000000000000000000000000000000000000000000000000000000000000000000000000000000000000000000000000000000000000000000000000000000000000000000000000000000000000000000000000000000000000000000000000000
0000000000000000000000000000000000000000000000000000000000000000000000000000000000000000000000000000000000000000000000000000000000000000000000000000000000000000000000000000000000000000000000000000000000000000000000000000000000000000000000000000000000000000
0000000000000000000000000000000000000000000000000000000000000000000000000000000000000000000000000000000000000000000000000000000000000000000000000000000000000000000000000000000000000000000000000000000000000000000000000000000000000000000000000000000000000000
0000000000000000000000000000000000000000000000000000000000000000000000000000000000000000000000000000000000000000000000000000000000000000000000000000000000000000000000000000000000000000000000000000000000000000000000000000000000000000000000000000000000000000
0000000000000000000000000000000000000000000000000000000000000000000000000000000000000000000000000000000000000000000000000000000000000000000000000000000000000000000000000000000000000000000000000000000000000000000000000000000000000000000000000000000000000000
0000000000000000000000000000000000000000000000000000000000000000000000000000000000000000000000000000000000000000000000000000000000000000000000000000000000000000000000000000000000000000000000000000000000000000000000000000000000000000000000000000000000000000
0000000000000000000000000000000000000000000000000000000000000000000000000000000000000000000000000000000000000000000000000000000000000000000000000000000000000000000000000000000000000000000000000000000000000000000000000000000000000000000000000000000000000000
0000000000000000000000000000000000000000000000000000000000000000000000000000000000000000000000000000000000000000000000000000000000000000000000000000000000000000000000000000000000000000000000000000000000000000000000000000000000000000000000000000000000000000
0000000000000000000000000000000000000000000000000000000000000000000000000000000000000000000000000000000000000000000000000000000000000000000000000000000000000000000000000000000000000000000000000000000000000000000000000000000000000000000000000000000000000000
0000000000000000000000000000000000000000000000000000000000000000000000000000000000000000000000000000000000000000000000000000000000000000000000000000000000000000000000000000000000000000000000000000000000000000000000000000000000000000000000000000000000000000
0000000000000000000000000000000000000000000000000000000000000000000000000000000000000000000000000000000000000000000000000000000000000000000000000000000000000000000000000000000000000000000000000000000000000000000000000000000000000000000000000000000000000000
0000000000000000000000000000000000000000000000000000000000000000000000000000000000000000000000000000000000000000000000000000000000000000000000000000000000000000000000000000000000000000000000000000000000000000000000000000000000000000000000000000000000000000
0000000000000000000000000000000000000000000000000000000000000000000000000000000000000000000000000000000000000000000000000000000000000000000000000000000000000000000000000000000000000000000000000000000000000000000000000000000000000000000000000000000000000000
0000000000000000000000000000000000000000000000000000000000000000000000000000000000000000000000000000000000000000000000000000000000000000000000000000000000000000000000000000000000000000000000000000000000000000000000000000000000000000000000000000000000000000
0000000000000000000000000000000000000000000000000000000000000000000000000000000000000000000000000000000000000000000000000000000000000000000000000000000000000000000000000000000000000000000000000000000000000000000000000000000000000000000000000000000000000000
0000000000000000000000000000000000000000000000000000000000000000000000000000000000000000000000000000000000000000000000000000000000000000000000000000000000000000000000000000000000000000000000000000000000000000000000000000000000000000000000000000000000000000
0000000000000000000000000000000000000000000000000000000000000000000000000000000000000000000000000000000000000000000000000000000000000000000000000000000000000000000000000000000000000000000000000000000000000000000000000000000000000000000000000000000000000000
0000000000000000000000000000000000000000000000000000000000000000000000000000000000000000000000000000000000000000000000000000000000000000000000000000000000000000000000000000000000000000000000000000000000000000000000000000000000000000000000000000000000000000
0000000000000000000000000000000000000000000000000000000000000000000000000000000000000000000000000000000000000000000000000000000000000000000000000000000000000000000000000000000000000000000000000000000000000000000000000000000000000000000000000000000000000000
0000000000000000000000000000000000000000000000000000000000000000000000000000000000000000000000000000000000000000000000000000000000000000000000000000000000000000000000000000000000000000000000000000000000000000000000000000000000000000000000000000000000000000
0000000000000000000000000000000000000000000000000000000000000000000000000000000000000000000000000000000000000000000000000000000000000000000000000000000000000000000000000000000000000000000000000000000000000000000000000000000000000000000000000000000000000000
0000000000000000000000000000000000000000000000000000000000000000000000000000000000000000000000000000000000000000000000000000000000000000000000000000000000000000000000000000000000000000000000000000000000000000000000000000000000000000000000000000000000000000
0000000000000000000000000000000000000000000000000000000000000000000000000000000000000000000000000000000000000000000000000000000000000000000000000000000000000000000000000000000000000000000000000000000000000000000000000000000000000000000000000000000000000000
0000000000000000000000000000000000000000000000000000000000000000000000000000000000000000000000000000000000000000000000000000000000000000000000000000000000000000000000000000000000000000000000000000000000000000000000000000000000000000000000000000000000000000
0000000000000000000000000000000000000000000000000000000000000000000000000000000000000000000000000000000000000000000000000000000000000000000000000000000000000000000000000000000000000000000000000000000000000000000000000000000000000000000000000000000000000000
0000000000000000000000000000000000000000000000000000000000000000000000000000000000000000000000000000000000000000000000000000000000000000000000000000000000000000000000000000000000000000000000000000000000000000000000000000000000000000000000000000000000000000
0000000000000000000000000000000000000000000000000000000000000000000000000000000000000000000000000000000000000000000000000000000000000000000000000000000000000000000000000000000000000000000000000000000000000000000000000000000000000000000000000000000000000000
0000000000000000000000000000000000000000000000000000000000000000000000000000000000000000000000000000000000000000000000000000000000000000000000000000000000000000000000000000000000000000000000000000000000000000000000000000000000000000000000000000000000000000
0000000000000000000000000000000000000000000000000000000000000000000000000000000000000000000000000000000000000000000000000000000000000000000000000000000000000000000000000000000000000000000000000000000000000000000000000000000000000000000000000000000000000000
0000000000000000000000000000000000000000000000000000000000000000000000000000000000000000000000000000000000000000000000000000000000000000000000000000000000000000000000000000000000000000000000000000000000000000000000000000000000000000000000000000000000000000
0000000000000000000000000000000000000000000000000000000000000000000000000000000000000000000000000000000000000000000000000000000000000000000000000000000000000000000000000000000000000000000000000000000000000000000000000000000000000000000000000000000000000000
0000000000000000000000000000000000000000000000000000000000000000000000000000000000000000000000000000000000000000000000000000000000000000000000000000000000000000000000000000000000000000000000000000000000000000000000000000000000000000000000000000000000000000
0000000000000000000000000000000000000000000000000000000000000000000000000000000000000000000000000000000000000000000000000000000000000000000000000000000000000000000000000000000000000000000000000000000000000000000000000000000000000000000000000000000000000000
0000000000000000000000000000000000000000000000000000000000000000000000000000000000000000000000000000000000000000000000000000000000000000000000000000000000000000000000000000000000000000000000000000000000000000000000000000000000000000000000000000000000000000
0000000000000000000000000000000000000000000000000000000000000000000000000000000000000000000000000000000000000000000000000000000000000000000000000000000000000000000000000000000000000000000000000000000000000000000000000000000000000000000000000000000000000000
0000000000000000000000000000000000000000000000000000000000000000000000000000000000000000000000000000000000000000000000000000000000000000000000000000000000000000000000000000000000000000000000000000000000000000000000000000000000000000000000000000000000000000
0000000000000000000000000000000000000000000000000000000000000000000000000000000000000000000000000000000000000000000000000000000000000000000000000000000000000000000000000000000000000000000000000000000000000000000000000000000000000000000000000000000000000000
0000000000000000000000000000000000000000000000000000000000000000000000000000000000000000000000000000000000000000000000000000000000000000000000000000000000000000000000000000000000000000000000000000000000000000000000000000000000000000000000000000000000000000
0000000000000000000000000000000000000000000000000000000000000000000000000000000000000000000000000000000000000000000000000000000000000000000000000000000000000000000000000000000000000000000000000000000000000000000000000000000000000000000000000000000000000000
0000000000000000000000000000000000000000000000000000000000000000000000000000000000000000000000000000000000000000000000000000000000000000000000000000000000000000000000000000000000000000000000000000000000000000000000000000000000000000000000000000000000000000
0000000000000000000000000000000000000000011111111111111111111111111111111111111111100000000000000000000000011111100000011111111111111111100000000000011111100000000000000000011111111111111111111111111111111111111111100000000000000000000000000000000000000000
0000000000000000000000000000000000000000011111111111111111111111111111111111111111100000000000000000000000011111100000011111111111111111100000000000011111100000000000000000011111111111111111111111111111111111111111100000000000000000000000000000000000000000
0000000000000000000000000000000000000000011111111111111111111111111111111111111111100000000000000000000000011111100000011111111111111111100000000000011111100000000000000000011111111111111111111111111111111111111111100000000000000000000000000000000000000000
0000000000000000000000000000000000000000011111111111111111111111111111111111111111100000000000000000000000011111100000011111111111111111100000000000011111100000000000000000011111111111111111111111111111111111111111100000000000000000000000000000000000000000
0000000000000000000000000000000000000000011111111111111111111111111111111111111111100000000000000000000000011111100000011111111111111111100000000000011111100000000000000000011111111111111111111111111111111111111111100000000000000000000000000000000000000000
0000000000000000000000000000000000000000011111111111111111111111111111111111111111100000000000000000000000011111100000011111111111111111100000000000011111100000000000000000011111111111111111111111111111111111111111100000000000000000000000000000000000000000
0000000000000000000000000000000000000000011111100000000000000000000000000000011111100000011111100000000000011111111111100000000000011111100000011111100000000000011111100000011111100000000000000000000000000000011111100000000000000000000000000000000000000000
0000000000000000000000000000000000000000011111100000000000000000000000000000011111100000011111100000000000011111111111100000000000011111100000011111100000000000011111100000011111100000000000000000000000000000011111100000000000000000000000000000000000000000
0000000000000000000000000000000000000000011111100000000000000000000000000000011111100000011111100000000000011111111111100000000000011111100000011111100000000000011111100000011111100000000000000000000000000000011111100000000000000000000000000000000000000000
0000000000000000000000000000000000000000011111100000000000000000000000000000011111100000011111100000000000011111111111100000000000011111100000011111100000000000011111100000011111100000000000000000000000000000011111100000000000000000000000000000000000000000
0000000000000000000000000000000000000000011111100000000000000000000000000000011111100000011111100000000000011111111111100000000000011111100000011111100000000000011111100000011111100000000000000000000000000000011111100000000000000000000000000000000000000000
0000000000000000000000000000000000000000011111100000000000000000000000000000011111100000011111100000000000011111111111100000000000011111100000011111100000000000011111100000011111100000000000000000000000000000011111100000000000000000000000000000000000000000
0000000000000000000000000000000000000000011111100000011111111111111111100000011111100000011111100000000000011111111111100000011111100000011111100000011111100000000000000000011111100000011111111111111111100000011111100000000000000000000000000000000000000000
0000000000000000000000000000000000000000011111100000011111111111111111100000011111100000011111100000000000011111111111100000011111100000011111100000011111100000000000000000011111100000011111111111111111100000011111100000000000000000000000000000000000000000
0000000000000000000000000000000000000000011111100000011111111111111111100000011111100000011111100000000000011111111111100000011111100000011111100000011111100000000000000000011111100000011111111111111111100000011111100000000000000000000000000000000000000000
0000000000000000000000000000000000000000011111100000011111111111111111100000011111100000011111100000000000011111111111100000011111100000011111100000011111100000000000000000011111100000011111111111111111100000011111100000000000000000000000000000000000000000
0000000000000000000000000000000000000000011111100000011111111111111111100000011111100000011111100000000000011111111111100000011111100000011111100000011111100000000000000000011111100000011111111111111111100000011111100000000000000000000000000000000000000000
0000000000000000000000000000000000000000011111100000011111111111111111100000011111100000011111100000000000011111111111100000011111100000011111100000011111100000000000000000011111100000011111111111111111100000011111100000000000000000000000000000000000000000
0000000000000000000000000000000000000000011111100000011111111111111111100000011111100000011111100000000000000000000000000000011111111111100000011111100000000000011111100000011111100000011111111111111111100000011111100000000000000000000000000000000000000000
0000000000000000000000000000000000000000011111100000011111111111111111100000011111100000011111100000000000000000000000000000011111111111100000011111100000000000011111100000011111100000011111111111111111100000011111100000000000000000000000000000000000000000
0000000000000000000000000000000000000000011111100000011111111111111111100000011111100000011111100000000000000000000000000000011111111111100000011111100000000000011111100000011111100000011111111111111111100000011111100000000000000000000000000000000000000000
0000000000000000000000000000000000000000011111100000011111111111111111100000011111100000011111100000000000000000000000000000011111111111100000011111100000000000011111100000011111100000011111111111111111100000011111100000000000000000000000000000000000000000
0000000000000000000000000000000000000000011111100000011111111111111111100000011111100000011111100000000000000000000000000000011111111111100000011111100000000000011111100000011111100000011111111111111111100000011111100000000000000000000000000000000000000000
0000000000000000000000000000000000000000011111100000011111111111111111100000011111100000011111100000000000000000000000000000011111111111100000011111100000000000011111100000011111100000011111111111111111100000011111100000000000000000000000000000000000000000
0000000000000000000000000000000000000000011111100000011111111111111111100000011111100000000000011111100000011111100000011111111111111111100000011111111111111111111111100000011111100000011111111111111111100000011111100000000000000000000000000000000000000000
0000000000000000000000000000000000000000011111100000011111111111111111100000011111100000000000011111100000011111100000011111111111111111100000011111111111111111111111100000011111100000011111111111111111100000011111100000000000000000000000000000000000000000
0000000000000000000000000000000000000000011111100000011111111111111111100000011111100000000000011111100000011111100000011111111111111111100000011111111111111111111111100000011111100000011111111111111111100000011111100000000000000000000000000000000000000000
0000000000000000000000000000000000000000011111100000011111111111111111100000011111100000000000011111100000011111100000011111111111111111100000011111111111111111111111100000011111100000011111111111111111100000011111100000000000000000000000000000000000000000
0000000000000000000000000000000000000000011111100000011111111111111111100000011111100000000000011111100000011111100000011111111111111111100000011111111111111111111111100000011111100000011111111111111111100000011111100000000000000000000000000000000000000000
0000000000000000000000000000000000000000011111100000011111111111111111100000011111100000000000011111100000011111100000011111111111111111100000011111111111111111111111100000011111100000011111111111111111100000011111100000000000000000000000000000000000000000
0000000000000000000000000000000000000000011111100000000000000000000000000000011111100000000000000000011111111111111111111111111111100000011111100000000000000000011111100000011111100000000000000000000000000000011111100000000000000000000000000000000000000000
0000000000000000000000000000000000000000011111100000000000000000000000000000011111100000000000000000011111111111111111111111111111100000011111100000000000000000011111100000011111100000000000000000000000000000011111100000000000000000000000000000000000000000
0000000000000000000000000000000000000000011111100000000000000000000000000000011111100000000000000000011111111111111111111111111111100000011111100000000000000000011111100000011111100000000000000000000000000000011111100000000000000000000000000000000000000000
0000000000000000000000000000000000000000011111100000000000000000000000000000011111100000000000000000011111111111111111111111111111100000011111100000000000000000011111100000011111100000000000000000000000000000011111100000000000000000000000000000000000000000
0000000000000000000000000000000000000000011111100000000000000000000000000000011111100000000000000000011111111111111111111111111111100000011111100000000000000000011111100000011111100000000000000000000000000000011111100000000000000000000000000000000000000000
0000000000000000000000000000000000000000011111100000000000000000000000000000011111100000000000000000011111111111111111111111111111100000011111100000000000000000011111100000011111100000000000000000000000000000011111100000000000000000000000000000000000000000
0000000000000000000000000000000000000000011111111111111111111111111111111111111111100000011111100000011111100000011111100000011111100000011111100000011111100000011111100000011111111111111111111111111111111111111111100000000000000000000000000000000000000000
0000000000000000000000000000000000000000011111111111111111111111111111111111111111100000011111100000011111100000011111100000011111100000011111100000011111100000011111100000011111111111111111111111111111111111111111100000000000000000000000000000000000000000
0000000000000000000000000000000000000000011111111111111111111111111111111111111111100000011111100000011111100000011111100000011111100000011111100000011111100000011111100000011111111111111111111111111111111111111111100000000000000000000000000000000000000000
0000000000000000000000000000000000000000011111111111111111111111111111111111111111100000011111100000011111100000011111100000011111100000011111100000011111100000011111100000011111111111111111111111111111111111111111100000000000000000000000000000000000000000
0000000000000000000000000000000000000000011111111111111111111111111111111111111111100000011111100000011111100000011111100000011111100000011111100000011111100000011111100000011111111111111111111111111111111111111111100000000000000000000000000000000000000000
0000000000000000000000000000000000000000011111111111111111111111111111111111111111100000011111100000011111100000011111100000011111100000011111100000011111100000011111100000011111111111111111111111111111111111111111100000000000000000000000000000000000000000
0000000000000000000000000000000000000000000000000000000000000000000000000000000000000000011111100000011111111111111111111111100000000000000000000000011111100000000000000000000000000000000000000000000000000000000000000000000000000000000000000000000000000000
0000000000000000000000000000000000000000000000000000000000000000000000000000000000000000011111100000011111111111111111111111100000000000000000000000011111100000000000000000000000000000000000000000000000000000000000000000000000000000000000000000000000000000
0000000000000000000000000000000000000000000000000000000000000000000000000000000000000000011111100000011111111111111111111111100000000000000000000000011111100000000000000000000000000000000000000000000000000000000000000000000000000000000000000000000000000000
0000000000000000000000000000000000000000000000000000000000000000000000000000000000000000011111100000011111111111111111111111100000000000000000000000011111100000000000000000000000000000000000000000000000000000000000000000000000000000000000000000000000000000
0000000000000000000000000000000000000000000000000000000000000000000000000000000000000000011111100000011111111111111111111111100000000000000000000000011111100000000000000000000000000000000000000000000000000000000000000000000000000000000000000000000000000000
0000000000000000000000000000000000000000000000000000000000000000000000000000000000000000011111100000011111111111111111111111100000000000000000000000011111100000000000000000000000000000000000000000000000000000000000000000000000000000000000000000000000000000
0000000000000000000000000000000000000000011111100000000000000000000000000000011111100000011111100000011111100000011111100000011111111111100000011111100000011111100000011111111111100000000000011111111111111111100000000000000000000000000000000000000000000000
0000000000000000000000000000000000000000011111100000000000000000000000000000011111100000011111100000011111100000011111100000011111111111100000011111100000011111100000011111111111100000000000011111111111111111100000000000000000000000000000000000000000000000
0000000000000000000000000000000000000000011111100000000000000000000000000000011111100000011111100000011111100000011111100000011111111111100000011111100000011111100000011111111111100000000000011111111111111111100000000000000000000000000000000000000000000000
0000000000000000000000000000000000000000011111100000000000000000000000000000011111100000011111100000011111100000011111100000011111111111100000011111100000011111100000011111111111100000000000011111111111111111100000000000000000000000000000000000000000000000
0000000000000000000000000000000000000000011111100000000000000000000000000000011111100000011111100000011111100000011111100000011111111111100000011111100000011111100000011111111111100000000000011111111111111111100000000000000000000000000000000000000000000000
0000000000000000000000000000000000000000011111100000000000000000000000000000011111100000011111100000011111100000011111100000011111111111100000011111100000011111100000011111111111100000000000011111111111111111100000000000000000000000000000000000000000000000
0000000000000000000000000000000000000000011111111111111111111111100000011111100000000000000000011111100000011111111111100000011111100000000000011111111111111111100000011111100000011111111111100000011111111111100000000000000000000000000000000000000000000000
0000000000000000000000000000000000000000011111111111111111111111100000011111100000000000000000011111100000011111111111100000011111100000000000011111111111111111100000011111100000011111111111100000011111111111100000000000000000000000000000000000000000000000
0000000000000000000000000000000000000000011111111111111111111111100000011111100000000000000000011111100000011111111111100000011111100000000000011111111111111111100000011111100000011111111111100000011111111111100000000000000000000000000000000000000000000000
0000000000000000000000000000000000000000011111111111111111111111100000011111100000000000000000011111100000011111111111100000011111100000000000011111111111111111100000011111100000011111111111100000011111111111100000000000000000000000000000000000000000000000
0000000000000000000000000000000000000000011111111111111111111111100000011111100000000000000000011111100000011111111111100000011111100000000000011111111111111111100000011111100000011111111111100000011111111111100000000000000000000000000000000000000000000000
0000000000000000000000000000000000000000011111111111111111111111100000011111100000000000000000011111100000011111111111100000011111100000000000011111111111111111100000011111100000011111111111100000011111111111100000000000000000000000000000000000000000000000
0000000000000000000000000000000000000000011111111111100000000000000000000000011111111111111111111111111111111111111111100000000000000000000000011111100000000000011111100000000000000000011111100000000000000000000000000000000000000000000000000000000000000000
0000000000000000000000000000000000000000011111111111100000000000000000000000011111111111111111111111111111111111111111100000000000000000000000011111100000000000011111100000000000000000011111100000000000000000000000000000000000000000000000000000000000000000
0000000000000000000000000000000000000000011111111111100000000000000000000000011111111111111111111111111111111111111111100000000000000000000000011111100000000000011111100000000000000000011111100000000000000000000000000000000000000000000000000000000000000000
0000000000000000000000000000000000000000011111111111100000000000000000000000011111111111111111111111111111111111111111100000000000000000000000011111100000000000011111100000000000000000011111100000000000000000000000000000000000000000000000000000000000000000
0000000000000000000000000000000000000000011111111111100000000000000000000000011111111111111111111111111111111111111111100000000000000000000000011111100000000000011111100000000000000000011111100000000000000000000000000000000000000000000000000000000000000000
0000000000000000000000000000000000000000011111111111100000000000000000000000011111111111111111111111111111111111111111100000000000000000000000011111100000000000011111100000000000000000011111100000000000000000000000000000000000000000000000000000000000000000
0000000000000000000000000000000000000000011111111111100000000000000000000000000000011111111111111111111111100000011111100000011111111111111111100000011111100000000000011111100000000000000000011111100000000000000000000000000000000000000000000000000000000000
0000000000000000000000000000000000000000011111111111100000000000000000000000000000011111111111111111111111100000011111100000011111111111111111100000011111100000000000011111100000000000000000011111100000000000000000000000000000000000000000000000000000000000
0000000000000000000000000000000000000000011111111111100000000000000000000000000000011111111111111111111111100000011111100000011111111111111111100000011111100000000000011111100000000000000000011111100000000000000000000000000000000000000000000000000000000000
0000000000000000000000000000000000000000011111111111100000000000000000000000000000011111111111111111111111100000011111100000011111111111111111100000011111100000000000011111100000000000000000011111100000000000000000000000000000000000000000000000000000000000
0000000000000000000000000000000000000000011111111111100000000000000000000000000000011111111111111111111111100000011111100000011111111111111111100000011111100000000000011111100000000000000000011111100000000000000000000000000000000000000000000000000000000000
0000000000000000000000000000000000000000011111111111100000000000000000000000000000011111111111111111111111100000011111100000011111111111111111100000011111100000000000011111100000000000000000011111100000000000000000000000000000000000000000000000000000000000
0000000000000000000000000000000000000000011111111111111111100000011111100000011111111111111111100000000000000000011111111111111111100000011111100000000000011111100000000000011111111111100000000000000000000000011111100000000000000000000000000000000000000000
0000000000000000000000000000000000000000011111111111111111100000011111100000011111111111111111100000000000000000011111111111111111100000011111100000000000011111100000000000011111111111100000000000000000000000011111100000000000000000000000000000000000000000
0000000000000000000000000000000000000000011111111111111111100000011111100000011111111111111111100000000000000000011111111111111111100000011111100000000000011111100000000000011111111111100000000000000000000000011111100000000000000000000000000000000000000000
0000000000000000000000000000000000000000011111111111111111100000011111100000011111111111111111100000000000000000011111111111111111100000011111100000000000011111100000000000011111111111100000000000000000000000011111100000000000000000000000000000000000000000
0000000000000000000000000000000000000000011111111111111111100000011111100000011111111111111111100000000000000000011111111111111111100000011111100000000000011111100000000000011111111111100000000000000000000000011111100000000000000000000000000000000000000000
0000000000000000000000000000000000000000011111111111111111100000011111100000011111111111111111100000000000000000011111111111111111100000011111100000000000011111100000000000011111111111100000000000000000000000011111100000000000000000000000000000000000000000
0000000000000000000000000000000000000000000000011111100000000000011111100000000000000000011111100000000000011111100000011111111111100000000000011111111111111111111111100000011111111111111111100000000000011111111111100000000000000000000000000000000000000000
0000000000000000000000000000000000000000000000011111100000000000011111100000000000000000011111100000000000011111100000011111111111100000000000011111111111111111111111100000011111111111111111100000000000011111111111100000000000000000000000000000000000000000
0000000000000000000000000000000000000000000000011111100000000000011111100000000000000000011111100000000000011111100000011111111111100000000000011111111111111111111111100000011111111111111111100000000000011111111111100000000000000000000000000000000000000000
0000000000000000000000000000000000000000000000011111100000000000011111100000000000000000011111100000000000011111100000011111111111100000000000011111111111111111111111100000011111111111111111100000000000011111111111100000000000000000000000000000000000000000
0000000000000000000000000000000000000000000000011111100000000000011111100000000000000000011111100000000000011111100000011111111111100000000000011111111111111111111111100000011111111111111111100000000000011111111111100000000000000000000000000000000000000000
0000000000000000000000000000000000000000000000011111100000000000011111100000000000000000011111100000000000011111100000011111111111100000000000011111111111111111111111100000011111111111111111100000000000011111111111100000000000000000000000000000000000000000
0000000000000000000000000000000000000000011111100000011111111111100000000000011111111111100000000000011111100000000000011111111111111111111111111111111111100000011111111111100000000000011111111111111111100000000000000000000000000000000000000000000000000000
0000000000000000000000000000000000000000011111100000011111111111100000000000011111111111100000000000011111100000000000011111111111111111111111111111111111100000011111111111100000000000011111111111111111100000000000000000000000000000000000000000000000000000
0000000000000000000000000000000000000000011111100000011111111111100000000000011111111111100000000000011111100000000000011111111111111111111111111111111111100000011111111111100000000000011111111111111111100000000000000000000000000000000000000000000000000000
0000000000000000000000000000000000000000011111100000011111111111100000000000011111111111100000000000011111100000000000011111111111111111111111111111111111100000011111111111100000000000011111111111111111100000000000000000000000000000000000000000000000000000
0000000000000000000000000000000000000000011111100000011111111111100000000000011111111111100000000000011111100000000000011111111111111111111111111111111111100000011111111111100000000000011111111111111111100000000000000000000000000000000000000000000000000000
0000000000000000000000000000000000000000011111100000011111111111100000000000011111111111100000000000011111100000000000011111111111111111111111111111111111100000011111111111100000000000011111111111111111100000000000000000000000000000000000000000000000000000
0000000000000000000000000000000000000000000000011111111111111111100000000000000000011111100000011111100000011111111111111111111111100000000000000000000000011111100000000000000000011111111111100000011111100000011111100000000000000000000000000000000000000000
0000000000000000000000000000000000000000000000011111111111111111100000000000000000011111100000011111100000011111111111111111111111100000000000000000000000011111100000000000000000011111111111100000011111100000011111100000000000000000000000000000000000000000
0000000000000000000000000000000000000000000000011111111111111111100000000000000000011111100000011111100000011111111111111111111111100000000000000000000000011111100000000000000000011111111111100000011111100000011111100000000000000000000000000000000000000000
0000000000000000000000000000000000000000000000011111111111111111100000000000000000011111100000011111100000011111111111111111111111100000000000000000000000011111100000000000000000011111111111100000011111100000011111100000000000000000000000000000000000000000
0000000000000000000000000000000000000000000000011111111111111111100000000000000000011111100000011111100000011111111111111111111111100000000000000000000000011111100000000000000000011111111111100000011111100000011111100000000000000000000000000000000000000000
0000000000000000000000000000000000000000000000011111111111111111100000000000000000011111100000011111100000011111111111111111111111100000000000000000000000011111100000000000000000011111111111100000011111100000011111100000000000000000000000000000000000000000
0000000000000000000000000000000000000000000000011111100000011111111111111111111111100000000000011111111111111111100000000000011111111111100000011111111111111111100000011111100000011111100000011111111111100000000000000000000000000000000000000000000000000000
0000000000000000000000000000000000000000000000011111100000011111111111111111111111100000000000011111111111111111100000000000011111111111100000011111111111111111100000011111100000011111100000011111111111100000000000000000000000000000000000000000000000000000
0000000000000000000000000000000000000000000000011111100000011111111111111111111111100000000000011111111111111111100000000000011111111111100000011111111111111111100000011111100000011111100000011111111111100000000000000000000000000000000000000000000000000000
0000000000000000000000000000000000000000000000011111100000011111111111111111111111100000000000011111111111111111100000000000011111111111100000011111111111111111100000011111100000011111100000011111111111100000000000000000000000000000000000000000000000000000
0000000000000000000000000000000000000000000000011111100000011111111111111111111111100000000000011111111111111111100000000000011111111111100000011111111111111111100000011111100000011111100000011111111111100000000000000000000000000000000000000000000000000000
0000000000000000000000000000000000000000000000011111100000011111111111111111111111100000000000011111111111111111100000000000011111111111100000011111111111111111100000011111100000011111100000011111111111100000000000000000000000000000000000000000000000000000
0000000000000000000000000000000000000000011111100000000000000000000000000000000000000000011111111111111111100000000000000000000000011111111111111111111111111111100000000000011111111111111111100000011111111111111111100000000000000000000000000000000000000000
0000000000000000000000000000000000000000011111100000000000000000000000000000000000000000011111111111111111100000000000000000000000011111111111111111111111111111100000000000011111111111111111100000011111111111111111100000000000000000000000000000000000000000
0000000000000000000000000000000000000000011111100000000000000000000000000000000000000000011111111111111111100000000000000000000000011111111111111111111111111111100000000000011111111111111111100000011111111111111111100000000000000000000000000000000000000000
0000000000000000000000000000000000000000011111100000000000000000000000000000000000000000011111111111111111100000000000000000000000011111111111111111111111111111100000000000011111111111111111100000011111111111111111100000000000000000000000000000000000000000
0000000000000000000000000000000000000000011111100000000000000000000000000000000000000000011111111111111111100000000000000000000000011111111111111111111111111111100000000000011111111111111111100000011111111111111111100000000000000000000000000000000000000000
0000000000000000000000000000000000000000011111100000000000000000000000000000000000000000011111111111111111100000000000000000000000011111111111111111111111111111100000000000011111111111111111100000011111111111111111100000000000000000000000000000000000000000
0000000000000000000000000000000000000000011111111111111111111111111111111111111111111111111111100000000000011111100000011111111111111111111111100000000000011111100000000000000000000000011111111111100000000000011111100000000000000000000000000000000000000000
0000000000000000000000000000000000000000011111111111111111111111111111111111111111111111111111100000000000011111100000011111111111111111111111100000000000011111100000000000000000000000011111111111100000000000011111100000000000000000000000000000000000000000
0000000000000000000000000000000000000000011111111111111111111111111111111111111111111111111111100000000000011111100000011111111111111111111111100000000000011111100000000000000000000000011111111111100000000000011111100000000000000000000000000000000000000000
0000000000000000000000000000000000000000011111111111111111111111111111111111111111111111111111100000000000011111100000011111111111111111111111100000000000011111100000000000000000000000011111111111100000000000011111100000000000000000000000000000000000000000
0000000000000000000000000000000000000000011111111111111111111111111111111111111111111111111111100000000000011111100000011111111111111111111111100000000000011111100000000000000000000000011111111111100000000000011111100000000000000000000000000000000000000000
0000000000000000000000000000000000000000011111111111111111111111111111111111111111111111111111100000000000011111100000011111111111111111111111100000000000011111100000000000000000000000011111111111100000000000011111100000000000000000000000000000000000000000
0000000000000000000000000000000000000000011111100000000000011111100000000000000000011111100000011111111111111111111111100000011111100000011111100000000000000000011111100000011111100000000000000000000000000000000000000000000000000000000000000000000000000000
0000000000000000000000000000000000000000011111100000000000011111100000000000000000011111100000011111111111111111111111100000011111100000011111100000000000000000011111100000011111100000000000000000000000000000000000000000000000000000000000000000000000000000
0000000000000000000000000000000000000000011111100000000000011111100000000000000000011111100000011111111111111111111111100000011111100000011111100000000000000000011111100000011111100000000000000000000000000000000000000000000000000000000000000000000000000000
0000000000000000000000000000000000000000011111100000000000011111100000000000000000011111100000011111111111111111111111100000011111100000011111100000000000000000011111100000011111100000000000000000000000000000000000000000000000000000000000000000000000000000
0000000000000000000000000000000000000000011111100000000000011111100000000000000000011111100000011111111111111111111111100000011111100000011111100000000000000000011111100000011111100000000000000000000000000000000000000000000000000000000000000000000000000000
0000000000000000000000000000000000000000011111100000000000011111100000000000000000011111100000011111111111111111111111100000011111100000011111100000000000000000011111100000011111100000000000000000000000000000000000000000000000000000000000000000000000000000
0000000000000000000000000000000000000000011111100000011111100000000000011111111111111111111111111111100000000000000000000000000000011111100000011111100000011111111111111111111111111111111111100000011111111111111111100000000000000000000000000000000000000000
0000000000000000000000000000000000000000011111100000011111100000000000011111111111111111111111111111100000000000000000000000000000011111100000011111100000011111111111111111111111111111111111100000011111111111111111100000000000000000000000000000000000000000
0000000000000000000000000000000000000000011111100000011111100000000000011111111111111111111111111111100000000000000000000000000000011111100000011111100000011111111111111111111111111111111111100000011111111111111111100000000000000000000000000000000000000000
0000000000000000000000000000000000000000011111100000011111100000000000011111111111111111111111111111100000000000000000000000000000011111100000011111100000011111111111111111111111111111111111100000011111111111111111100000000000000000000000000000000000000000
0000000000000000000000000000000000000000011111100000011111100000000000011111111111111111111111111111100000000000000000000000000000011111100000011111100000011111111111111111111111111111111111100000011111111111111111100000000000000000000000000000000000000000
0000000000000000000000000000000000000000011111100000011111100000000000011111111111111111111111111111100000000000000000000000000000011111100000011111100000011111111111111111111111111111111111100000011111111111111111100000000000000000000000000000000000000000
0000000000000000000000000000000000000000000000000000000000000000000000000000000000000000011111100000011111100000000000011111100000011111100000000000000000000000011111100000000000000000011111111111100000000000000000000000000000000000000000000000000000000000
0000000000000000000000000000000000000000000000000000000000000000000000000000000000000000011111100000011111100000000000011111100000011111100000000000000000000000011111100000000000000000011111111111100000000000000000000000000000000000000000000000000000000000
0000000000000000000000000000000000000000000000000000000000000000000000000000000000000000011111100000011111100000000000011111100000011111100000000000000000000000011111100000000000000000011111111111100000000000000000000000000000000000000000000000000000000000
0000000000000000000000000000000000000000000000000000000000000000000000000000000000000000011111100000011111100000000000011111100000011111100000000000000000000000011111100000000000000000011111111111100000000000000000000000000000000000000000000000000000000000
0000000000000000000000000000000000000000000000000000000000000000000000000000000000000000011111100000011111100000000000011111100000011111100000000000000000000000011111100000000000000000011111111111100000000000000000000000000000000000000000000000000000000000
0000000000000000000000000000000000000000000000000000000000000000000000000000000000000000011111100000011111100000000000011111100000011111100000000000000000000000011111100000000000000000011111111111100000000000000000000000000000000000000000000000000000000000
0000000000000000000000000000000000000000011111111111111111111111111111111111111111100000000000000000000000011111100000011111111111111111111111100000011111111111111111100000011111100000011111111111111111100000000000000000000000000000000000000000000000000000
0000000000000000000000000000000000000000011111111111111111111111111111111111111111100000000000000000000000011111100000011111111111111111111111100000011111111111111111100000011111100000011111111111111111100000000000000000000000000000000000000000000000000000
0000000000000000000000000000000000000000011111111111111111111111111111111111111111100000000000000000000000011111100000011111111111111111111111100000011111111111111111100000011111100000011111111111111111100000000000000000000000000000000000000000000000000000
0000000000000000000000000000000000000000011111111111111111111111111111111111111111100000000000000000000000011111100000011111111111111111111111100000011111111111111111100000011111100000011111111111111111100000000000000000000000000000000000000000000000000000
0000000000000000000000000000000000000000011111111111111111111111111111111111111111100000000000000000000000011111100000011111111111111111111111100000011111111111111111100000011111100000011111111111111111100000000000000000000000000000000000000000000000000000
0000000000000000000000000000000000000000011111111111111111111111111111111111111111100000000000000000000000011111100000011111111111111111111111100000011111111111111111100000011111100000011111111111111111100000000000000000000000000000000000000000000000000000
0000000000000000000000000000000000000000011111100000000000000000000000000000011111100000000000011111111111100000011111111111100000011111111111100000000000011111111111100000000000000000011111100000000000011111100000000000000000000000000000000000000000000000
0000000000000000000000000000000000000000011111100000000000000000000000000000011111100000000000011111111111100000011111111111100000011111111111100000000000011111111111100000000000000000011111100000000000011111100000000000000000000000000000000000000000000000
0000000000000000000000000000000000000000011111100000000000000000000000000000011111100000000000011111111111100000011111111111100000011111111111100000000000011111111111100000000000000000011111100000000000011111100000000000000000000000000000000000000000000000
0000000000000000000000000000000000000000011111100000000000000000000000000000011111100000000000011111111111100000011111111111100000011111111111100000000000011111111111100000000000000000011111100000000000011111100000000000000000000000000000000000000000000000
0000000000000000000000000000000000000000011111100000000000000000000000000000011111100000000000011111111111100000011111111111100000011111111111100000000000011111111111100000000000000000011111100000000000011111100000000000000000000000000000000000000000000000
0000000000000000000000000000000000000000011111100000000000000000000000000000011111100000000000011111111111100000011111111111100000011111111111100000000000011111111111100000000000000000011111100000000000011111100000000000000000000000000000000000000000000000
0000000000000000000000000000000000000000011111100000011111111111111111100000011111100000000000011111100000000000011111111111100000000000011111100000000000011111111111111111111111111111111111111111100000011111111111100000000000000000000000000000000000000000
0000000000000000000000000000000000000000011111100000011111111111111111100000011111100000000000011111100000000000011111111111100000000000011111100000000000011111111111111111111111111111111111111111100000011111111111100000000000000000000000000000000000000000
0000000000000000000000000000000000000000011111100000011111111111111111100000011111100000000000011111100000000000011111111111100000000000011111100000000000011111111111111111111111111111111111111111100000011111111111100000000000000000000000000000000000000000
0000000000000000000000000000000000000000011111100000011111111111111111100000011111100000000000011111100000000000011111111111100000000000011111100000000000011111111111111111111111111111111111111111100000011111111111100000000000000000000000000000000000000000
0000000000000000000000000000000000000000011111100000011111111111111111100000011111100000000000011111100000000000011111111111100000000000011111100000000000011111111111111111111111111111111111111111100000011111111111100000000000000000000000000000000000000000
0000000000000000000000000000000000000000011111100000011111111111111111100000011111100000000000011111100000000000011111111111100000000000011111100000000000011111111111111111111111111111111111111111100000011111111111100000000000000000000000000000000000000000
0000000000000000000000000000000000000000011111100000011111111111111111100000011111100000000000011111111111100000011111100000000000011111111111100000000000011111111111111111100000000000000000011111111111100000011111100000000000000000000000000000000000000000
0000000000000000000000000000000000000000011111100000011111111111111111100000011111100000000000011111111111100000011111100000000000011111111111100000000000011111111111111111100000000000000000011111111111100000011111100000000000000000000000000000000000000000
0000000000000000000000000000000000000000011111100000011111111111111111100000011111100000000000011111111111100000011111100000000000011111111111100000000000011111111111111111100000000000000000011111111111100000011111100000000000000000000000000000000000000000
0000000000000000000000000000000000000000011111100000011111111111111111100000011111100000000000011111111111100000011111100000000000011111111111100000000000011111111111111111100000000000000000011111111111100000011111100000000000000000000000000000000000000000
0000000000000000000000000000000000000000011111100000011111111111111111100000011111100000000000011111111111100000011111100000000000011111111111100000000000011111111111111111100000000000000000011111111111100000011111100000000000000000000000000000000000000000
0000000000000000000000000000000000000000011111100000011111111111111111100000011111100000000000011111111111100000011111100000000000011111111111100000000000011111111111111111100000000000000000011111111111100000011111100000000000000000000000000000000000000000
0000000000000000000000000000000000000000011111100000011111111111111111100000011111100000000000011111111111100000000000011111100000011111111111111111111111111111111111111111111111111111111111111111111111111111100000000000000000000000000000000000000000000000
0000000000000000000000000000000000000000011111100000011111111111111111100000011111100000000000011111111111100000000000011111100000011111111111111111111111111111111111111111111111111111111111111111111111111111100000000000000000000000000000000000000000000000
0000000000000000000000000000000000000000011111100000011111111111111111100000011111100000000000011111111111100000000000011111100000011111111111111111111111111111111111111111111111111111111111111111111111111111100000000000000000000000000000000000000000000000
0000000000000000000000000000000000000000011111100000011111111111111111100000011111100000000000011111111111100000000000011111100000011111111111111111111111111111111111111111111111111111111111111111111111111111100000000000000000000000000000000000000000000000
0000000000000000000000000000000000000000011111100000011111111111111111100000011111100000000000011111111111100000000000011111100000011111111111111111111111111111111111111111111111111111111111111111111111111111100000000000000000000000000000000000000000000000
0000000000000000000000000000000000000000011111100000011111111111111111100000011111100000000000011111111111100000000000011111100000011111111111111111111111111111111111111111111111111111111111111111111111111111100000000000000000000000000000000000000000000000
0000000000000000000000000000000000000000011111100000000000000000000000000000011111100000000000000000011111111111111111111111100000011111111111100000011111100000000000000000011111111111100000011111111111100000011111100000000000000000000000000000000000000000
0000000000000000000000000000000000000000011111100000000000000000000000000000011111100000000000000000011111111111111111111111100000011111111111100000011111100000000000000000011111111111100000011111111111100000011111100000000000000000000000000000000000000000
0000000000000000000000000000000000000000011111100000000000000000000000000000011111100000000000000000011111111111111111111111100000011111111111100000011111100000000000000000011111111111100000011111111111100000011111100000000000000000000000000000000000000000
0000000000000000000000000000000000000000011111100000000000000000000000000000011111100000000000000000011111111111111111111111100000011111111111100000011111100000000000000000011111111111100000011111111111100000011111100000000000000000000000000000000000000000
0000000000000000000000000000000000000000011111100000000000000000000000000000011111100000000000000000011111111111111111111111100000011111111111100000011111100000000000000000011111111111100000011111111111100000011111100000000000000000000000000000000000000000
0000000000000000000000000000000000000000011111100000000000000000000000000000011111100000000000000000011111111111111111111111100000011111111111100000011111100000000000000000011111111111100000011111111111100000011111100000000000000000000000000000000000000000
0000000000000000000000000000000000000000011111111111111111111111111111111111111111100000011111100000000000000000000000000000000000011111100000011111100000011111100000000000011111111111111111100000011111100000000000000000000000000000000000000000000000000000
0000000000000000000000000000000000000000011111111111111111111111111111111111111111100000011111100000000000000000000000000000000000011111100000011111100000011111100000000000011111111111111111100000011111100000000000000000000000000000000000000000000000000000
0000000000000000000000000000000000000000011111111111111111111111111111111111111111100000011111100000000000000000000000000000000000011111100000011111100000011111100000000000011111111111111111100000011111100000000000000000000000000000000000000000000000000000
0000000000000000000000000000000000000000011111111111111111111111111111111111111111100000011111100000000000000000000000000000000000011111100000011111100000011111100000000000011111111111111111100000011111100000000000000000000000000000000000000000000000000000
0000000000000000000000000000000000000000011111111111111111111111111111111111111111100000011111100000000000000000000000000000000000011111100000011111100000011111100000000000011111111111111111100000011111100000000000000000000000000000000000000000000000000000
0000000000000000000000000000000000000000011111111111111111111111111111111111111111100000011111100000000000000000000000000000000000011111100000011111100000011111100000000000011111111111111111100000011111100000000000000000000000000000000000000000000000000000
0000000000000000000000000000000000000000000000000000000000000000000000000000000000000000000000000000000000000000000000000000000000000000000000000000000000000000000000000000000000000000000000000000000000000000000000000000000000000000000000000000000000000000
0000000000000000000000000000000000000000000000000000000000000000000000000000000000000000000000000000000000000000000000000000000000000000000000000000000000000000000000000000000000000000000000000000000000000000000000000000000000000000000000000000000000000000
0000000000000000000000000000000000000000000000000000000000000000000000000000000000000000000000000000000000000000000000000000000000000000000000000000000000000000000000000000000000000000000000000000000000000000000000000000000000000000000000000000000000000000
0000000000000000000000000000000000000000000000000000000000000000000000000000000000000000000000000000000000000000000000000000000000000000000000000000000000000000000000000000000000000000000000000000000000000000000000000000000000000000000000000000000000000000
0000000000000000000000000000000000000000000000000000000000000000000000000000000000000000000000000000000000000000000000000000000000000000000000000000000000000000000000000000000000000000000000000000000000000000000000000000000000000000000000000000000000000000
0000000000000000000000000000000000000000000000000000000000000000000000000000000000000000000000000000000000000000000000000000000000000000000000000000000000000000000000000000000000000000000000000000000000000000000000000000000000000000000000000000000000000000
0000000000000000000000000000000000000000000000000000000000000000000000000000000000000000000000000000000000000000000000000000000000000000000000000000000000000000000000000000000000000000000000000000000000000000000000000000000000000000000000000000000000000000
0000000000000000000000000000000000000000000000000000000000000000000000000000000000000000000000000000000000000000000000000000000000000000000000000000000000000000000000000000000000000000000000000000000000000000000000000000000000000000000000000000000000000000
0000000000000000000000000000000000000000000000000000000000000000000000000000000000000000000000000000000000000000000000000000000000000000000000000000000000000000000000000000000000000000000000000000000000000000000000000000000000000000000000000000000000000000
0000000000000000000000000000000000000000000000000000000000000000000000000000000000000000000000000000000000000000000000000000000000000000000000000000000000000000000000000000000000000000000000000000000000000000000000000000000000000000000000000000000000000000
0000000000000000000000000000000000000000000000000000000000000000000000000000000000000000000000000000000000000000000000000000000000000000000000000000000000000000000000000000000000000000000000000000000000000000000000000000000000000000000000000000000000000000
0000000000000000000000000000000000000000000000000000000000000000000000000000000000000000000000000000000000000000000000000000000000000000000000000000000000000000000000000000000000000000000000000000000000000000000000000000000000000000000000000000000000000000
0000000000000000000000000000000000000000000000000000000000000000000000000000000000000000000000000000000000000000000000000000000000000000000000000000000000000000000000000000000000000000000000000000000000000000000000000000000000000000000000000000000000000000
0000000000000000000000000000000000000000000000000000000000000000000000000000000000000000000000000000000000000000000000000000000000000000000000000000000000000000000000000000000000000000000000000000000000000000000000000000000000000000000000000000000000000000
0000000000000000000000000000000000000000000000000000000000000000000000000000000000000000000000000000000000000000000000000000000000000000000000000000000000000000000000000000000000000000000000000000000000000000000000000000000000000000000000000000000000000000
0000000000000000000000000000000000000000000000000000000000000000000000000000000000000000000000000000000000000000000000000000000000000000000000000000000000000000000000000000000000000000000000000000000000000000000000000000000000000000000000000000000000000000
0000000000000000000000000000000000000000000000000000000000000000000000000000000000000000000000000000000000000000000000000000000000000000000000000000000000000000000000000000000000000000000000000000000000000000000000000000000000000000000000000000000000000000
0000000000000000000000000000000000000000000000000000000000000000000000000000000000000000000000000000000000000000000000000000000000000000000000000000000000000000000000000000000000000000000000000000000000000000000000000000000000000000000000000000000000000000
0000000000000000000000000000000000000000000000000000000000000000000000000000000000000000000000000000000000000000000000000000000000000000000000000000000000000000000000000000000000000000000000000000000000000000000000000000000000000000000000000000000000000000
0000000000000000000000000000000000000000000000000000000000000000000000000000000000000000000000000000000000000000000000000000000000000000000000000000000000000000000000000000000000000000000000000000000000000000000000000000000000000000000000000000000000000000
0000000000000000000000000000000000000000000000000000000000000000000000000000000000000000000000000000000000000000000000000000000000000000000000000000000000000000000000000000000000000000000000000000000000000000000000000000000000000000000000000000000000000000
0000000000000000000000000000000000000000000000000000000000000000000000000000000000000000000000000000000000000000000000000000000000000000000000000000000000000000000000000000000000000000000000000000000000000000000000000000000000000000000000000000000000000000
0000000000000000000000000000000000000000000000000000000000000000000000000000000000000000000000000000000000000000000000000000000000000000000000000000000000000000000000000000000000000000000000000000000000000000000000000000000000000000000000000000000000000000
0000000000000000000000000000000000000000000000000000000000000000000000000000000000000000000000000000000000000000000000000000000000000000000000000000000000000000000000000000000000000000000000000000000000000000000000000000000000000000000000000000000000000000
0000000000000000000000000000000000000000000000000000000000000000000000000000000000000000000000000000000000000000000000000000000000000000000000000000000000000000000000000000000000000000000000000000000000000000000000000000000000000000000000000000000000000000
0000000000000000000000000000000000000000000000000000000000000000000000000000000000000000000000000000000000000000000000000000000000000000000000000000000000000000000000000000000000000000000000000000000000000000000000000000000000000000000000000000000000000000
0000000000000000000000000000000000000000000000000000000000000000000000000000000000000000000000000000000000000000000000000000000000000000000000000000000000000000000000000000000000000000000000000000000000000000000000000000000000000000000000000000000000000000
0000000000000000000000000000000000000000000000000000000000000000000000000000000000000000000000000000000000000000000000000000000000000000000000000000000000000000000000000000000000000000000000000000000000000000000000000000000000000000000000000000000000000000
0000000000000000000000000000000000000000000000000000000000000000000000000000000000000000000000000000000000000000000000000000000000000000000000000000000000000000000000000000000000000000000000000000000000000000000000000000000000000000000000000000000000000000
0000000000000000000000000000000000000000000000000000000000000000000000000000000000000000000000000000000000000000000000000000000000000000000000000000000000000000000000000000000000000000000000000000000000000000000000000000000000000000000000000000000000000000
0000000000000000000000000000000000000000000000000000000000000000000000000000000000000000000000000000000000000000000000000000000000000000000000000000000000000000000000000000000000000000000000000000000000000000000000000000000000000000000000000000000000000000
0000000000000000000000000000000000000000000000000000000000000000000000000000000000000000000000000000000000000000000000000000000000000000000000000000000000000000000000000000000000000000000000000000000000000000000000000000000000000000000000000000000000000000
0000000000000000000000000000000000000000000000000000000000000000000000000000000000000000000000000000000000000000000000000000000000000000000000000000000000000000000000000000000000000000000000000000000000000000000000000000000000000000000000000000000000000000
0000000000000000000000000000000000000000000000000000000000000000000000000000000000000000000000000000000000000000000000000000000000000000000000000000000000000000000000000000000000000000000000000000000000000000000000000000000000000000000000000000000000000000
0000000000000000000000000000000000000000000000000000000000000000000000000000000000000000000000000000000000000000000000000000000000000000000000000000000000000000000000000000000000000000000000000000000000000000000000000000000000000000000000000000000000000000
0000000000000000000000000000000000000000000000000000000000000000000000000000000000000000000000000000000000000000000000000000000000000000000000000000000000000000000000000000000000000000000000000000000000000000000000000000000000000000000000000000000000000000
0000000000000000000000000000000000000000000000000000000000000000000000000000000000000000000000000000000000000000000000000000000000000000000000000000000000000000000000000000000000000000000000000000000000000000000000000000000000000000000000000000000000000000
0000000000000000000000000000000000000000000000000000000000000000000000000000000000000000000000000000000000000000000000000000000000000000000000000000000000000000000000000000000000000000000000000000000000000000000000000000000000000000000000000000000000000000
0000000000000000000000000000000000000000000000000000000000000000000000000000000000000000000000000000000000000000000000000000000000000000000000000000000000000000000000000000000000000000000000000000000000000000000000000000000000000000000000000000000000000000
0000000000000000000000000000000000000000000000000000000000000000000000000000000000000000000000000000000000000000000000000000000000000000000000000000000000000000000000000000000000000000000000000000000000000000000000000000000000000000000000000000000000000000
0000000000000000000000000000000000000000000000000000000000000000000000000000000000000000000000000000000000000000000000000000000000000000000000000000000000000000000000000000000000000000000000000000000000000000000000000000000000000000000000000000000000000000
