00000000000000000000000000000000000
00000000000000000000000000000000000
00000000000000000000000000000000000
00000000000000000000000000000000000
00000000000000000000000000000000000
00000000000000000000000000000000000
00000000000000000000000000000000000
00000000000000000000000000000000000
00000000000000000000000000000000000
00000000000000000000000000000000000
00000000000000000000000000000000000
00000000000000000000000000000000000
00000000000000000000000000000000000
00000000000000000000000000000000000
00000000000000000000000000000000000
00000000000000000000000000000000000
00000000000000000000000000000000000
00000000000000000000000000000000000
00000000000000000000000000000000000
00000000000000000000000000000000000
00000000000000000000000000000000000
00000000000000000000000000000000000
00000000000000000000000000000000000
00000000000000000000000000000000000
00000000000000000000000000000000000
00000000000000000000000000000000000
00000000000000000000000000000000000
00000000000000000000000000000000000
00000000000000000000000000000000000
00000000000000000000000000000000000
00000000000000000000000000000000000
00000000000000000000000000000000000
00000000000000000000000000000000000
00000000000000000000000000000000000
00000000000000000000000000000000000
00000000000000000000000000000000000
00000000000000000000000000000000000
00000000000000000000000000000000000
00000000000000000000000000000000000
00000000000000000000000000000000000
00000000000000000000000000000000000
00011111110000101110010001111111000
00011111110000101110010001111111000
00011111110000101110010001111111000
00011111110000101110010001111111000
00011111110000101110010001111111000
00011111110000101110010001111111000
00010000010100110010100101000001000
00010000010100110010100101000001000
00010000010100110010100101000001000
00010000010100110010100101000001000
00010000010100110010100101000001000
00010000010100110010100101000001000
00010111010100110101010001011101000
00010111010100110101010001011101000
00010111010100110101010001011101000
00010111010100110101010001011101000
00010111010100110101010001011101000
00010111010100110101010001011101000
00010111010100000110100101011101000
00010111010100000110100101011101000
00010111010100000110100101011101000
00010111010100000110100101011101000
00010111010100000110100101011101000
00010111010100000110100101011101000
00010111010010101110111101011101000
00010111010010101110111101011101000
00010111010010101110111101011101000
00010111010010101110111101011101000
00010111010010101110111101011101000
00010111010010101110111101011101000
00010000010001111101000101000001000
00010000010001111101000101000001000
00010000010001111101000101000001000
00010000010001111101000101000001000
00010000010001111101000101000001000
00010000010001111101000101000001000
00011111110101010101010101111111000
00011111110101010101010101111111000
00011111110101010101010101111111000
00011111110101010101010101111111000
00011111110101010101010101111111000
00011111110101010101010101111111000
00000000000101111000010000000000000
00000000000101111000010000000000000
00000000000101111000010000000000000
00000000000101111000010000000000000
00000000000101111000010000000000000
00000000000101111000010000000000000
00010000010101010110101011001110000
00010000010101010110101011001110000
00010000010101010110101011001110000
00010000010101010110101011001110000
00010000010101010110101011001110000
00010000010101010110101011001110000
00011110100010110100111010110110000
00011110100010110100111010110110000
00011110100010110100111010110110000
00011110100010110100111010110110000
00011110100010110100111010110110000
00011110100010110100111010110110000
00011000011111110000100100010000000
00011000011111110000100100010000000
00011000011111110000100100010000000
00011000011111110000100100010000000
00011000011111110000100100010000000
00011000011111110000100100010000000
00011000001111010111010010001000000
00011000001111010111010010001000000
00011000001111010111010010001000000
00011000001111010111010010001000000
00011000001111010111010010001000000
00011000001111010111010010001000000
00011101011100011101001001100001000
00011101011100011101001001100001000
00011101011100011101001001100001000
00011101011100011101001001100001000
00011101011100011101001001100001000
00011101011100011101001001100001000
00001001000100101100111101110011000
00001001000100101100111101110011000
00001001000100101100111101110011000
00001001000100101100111101110011000
00001001000100101100111101110011000
00001001000100101100111101110011000
00010110011001001111110110011100000
00010110011001001111110110011100000
00010110011001001111110110011100000
00010110011001001111110110011100000
00010110011001001111110110011100000
00010110011001001111110110011100000
00001110001010111100001000110101000
00001110001010111100001000110101000
00001110001010111100001000110101000
00001110001010111100001000110101000
00001110001010111100001000110101000
00001110001010111100001000110101000
00001011110011100110111010101100000
00001011110011100110111010101100000
00001011110011100110111010101100000
00001011110011100110111010101100000
00001011110011100110111010101100000
00001011110011100110111010101100000
00010000000111000011111001110111000
00010000000111000011111001110111000
00010000000111000011111001110111000
00010000000111000011111001110111000
00010000000111000011111001110111000
00010000000111000011111001110111000
00011111111100101111001000011001000
00011111111100101111001000011001000
00011111111100101111001000011001000
00011111111100101111001000011001000
00011111111100101111001000011001000
00011111111100101111001000011001000
00010010001011110101000101000000000
00010010001011110101000101000000000
00010010001011110101000101000000000
00010010001011110101000101000000000
00010010001011110101000101000000000
00010010001011110101000101000000000
00010100111110000010101111110111000
00010100111110000010101111110111000
00010100111110000010101111110111000
00010100111110000010101111110111000
00010100111110000010101111110111000
00010100111110000010101111110111000
00000000000101001010000100011000000
00000000000101001010000100011000000
00000000000101001010000100011000000
00000000000101001010000100011000000
00000000000101001010000100011000000
00000000000101001010000100011000000
00011111110000101111011101011100000
00011111110000101111011101011100000
00011111110000101111011101011100000
00011111110000101111011101011100000
00011111110000101111011101011100000
00011111110000101111011101011100000
00010000010011011011001100010010000
00010000010011011011001100010010000
00010000010011011011001100010010000
00010000010011011011001100010010000
00010000010011011011001100010010000
00010000010011011011001100010010000
00010111010010011001001111111011000
00010111010010011001001111111011000
00010111010010011001001111111011000
00010111010010011001001111111011000
00010111010010011001001111111011000
00010111010010011001001111111011000
00010111010011010011001110001101000
00010111010011010011001110001101000
00010111010011010011001110001101000
00010111010011010011001110001101000
00010111010011010011001110001101000
00010111010011010011001110001101000
00010111010011001011111111111110000
00010111010011001011111111111110000
00010111010011001011111111111110000
00010111010011001011111111111110000
00010111010011001011111111111110000
00010111010011001011111111111110000
00010000010001111011010001101101000
00010000010001111011010001101101000
00010000010001111011010001101101000
00010000010001111011010001101101000
00010000010001111011010001101101000
00010000010001111011010001101101000
00011111110100000010101001110100000
00011111110100000010101001110100000
00011111110100000010101001110100000
00011111110100000010101001110100000
00011111110100000010101001110100000
00011111110100000010101001110100000
00000000000000000000000000000000000
00000000000000000000000000000000000
00000000000000000000000000000000000
00000000000000000000000000000000000
00000000000000000000000000000000000
00000000000000000000000000000000000
00000000000000000000000000000000000
00000000000000000000000000000000000
00000000000000000000000000000000000
00000000000000000000000000000000000
00000000000000000000000000000000000
00000000000000000000000000000000000
00000000000000000000000000000000000
00000000000000000000000000000000000
00000000000000000000000000000000000
00000000000000000000000000000000000
00000000000000000000000000000000000
00000000000000000000000000000000000
00000000000000000000000000000000000
00000000000000000000000000000000000
00000000000000000000000000000000000
00000000000000000000000000000000000
00000000000000000000000000000000000
00000000000000000000000000000000000
00000000000000000000000000000000000
00000000000000000000000000000000000
00000000000000000000000000000000000
00000000000000000000000000000000000
00000000000000000000000000000000000
00000000000000000000000000000000000
00000000000000000000000000000000000
00000000000000000000000000000000000
00000000000000000000000000000000000
00000000000000000000000000000000000
00000000000000000000000000000000000
00000000000000000000000000000000000
00000000000000000000000000000000000
00000000000000000000000000000000000
00000000000000000000000000000000000
00000000000000000000000000000000000
00000000000000000000000000000000000
